epoch: 11.0
eval_accuracy: 0.8389261744966443
eval_combined_score: 0.8648467023328474
eval_f1: 0.8907672301690507
eval_loss: 2.774960517883301
eval_runtime: 2.8909
eval_samples_per_second: 360.784
eval_steps_per_second: 0.692
lamb: 1.0
lamb_intra: 0.003
learning_rate: 3.0e-05
margin: 5.0
num_train_epochs: 11
objective: 0.8544698544698545
per_device_train_batch_size: 32
weight_decay: 0.01
