epoch: 13.0
eval_accuracy: 0.840843720038351
eval_combined_score: 0.866314949980062
eval_f1: 0.8917861799217731
eval_loss: 1.4875140190124512
eval_runtime: 0.9001
eval_samples_per_second: 1158.705
eval_steps_per_second: 2.222
lamb: 0.003
lamb_intra: 0.05
learning_rate: 7.0e-06
margin: 5.0
num_train_epochs: 13
objective: 0.8596673596673596
per_device_train_batch_size: 4
weight_decay: 0
