epoch: 14.0
eval_accuracy: 0.8700980392156863
eval_combined_score: 0.8894380041173096
eval_f1: 0.9087779690189328
eval_loss: 1.110945701599121
eval_runtime: 1.2211
eval_samples_per_second: 334.128
eval_steps_per_second: 0.819
lamb: 0.2
lamb_intra: 0.01
learning_rate: 9.0e-06
margin: 0.01
num_train_epochs: 14
objective: 0.8777239709443099
per_device_train_batch_size: 4
weight_decay: 0.01
