epoch: 9.0
eval_accuracy: 0.8823529411764706
eval_combined_score: 0.8990712074303405
eval_f1: 0.9157894736842105
eval_loss: 0.9347884058952332
eval_runtime: 1.2164
eval_samples_per_second: 335.405
eval_steps_per_second: 0.822
lamb: 0.001
lamb_intra: 0.002
learning_rate: 3.0e-05
margin: 0.1
num_train_epochs: 9
objective: 0.8716707021791767
per_device_train_batch_size: 4
weight_decay: 0.1
