epoch: 12.0
eval_accuracy: 0.8799019607843137
eval_combined_score: 0.8976366453317077
eval_f1: 0.9153713298791019
eval_loss: 1.1267824172973633
eval_runtime: 0.3528
eval_samples_per_second: 1156.579
eval_steps_per_second: 2.835
lamb: 0.1
lamb_intra: 0.005
learning_rate: 3.0e-05
margin: 10.0
num_train_epochs: 12
objective: 0.8886198547215496
per_device_train_batch_size: 4
weight_decay: 0.1
