epoch: 15.0
eval_accuracy: 0.8897058823529411
eval_combined_score: 0.9054483877614092
eval_f1: 0.9211908931698775
eval_loss: 0.8551797270774841
eval_runtime: 0.8511
eval_samples_per_second: 479.369
eval_steps_per_second: 1.175
lamb: 0.006
lamb_intra: 0.01
learning_rate: 2.0e-05
margin: 1.0
num_train_epochs: 15
objective: 0.8801452784503632
per_device_train_batch_size: 16
weight_decay: 0
