epoch: 10.0
eval_accuracy: 0.9044117647058824
eval_combined_score: 0.9185271258762573
eval_f1: 0.9326424870466321
eval_loss: 15.239702224731445
eval_runtime: 0.7572
eval_samples_per_second: 538.808
eval_steps_per_second: 1.321
lamb: 1.0
lamb_intra: 1.0
learning_rate: 2.0e-05
margin: 0.05
num_train_epochs: 10
objective: 0.8801452784503632
per_device_train_batch_size: 16
weight_decay: 0.01
