epoch: 6.0
eval_accuracy: 0.8312559923298178
eval_combined_score: 0.8587069094896178
eval_f1: 0.8861578266494179
eval_loss: 0.5909329056739807
eval_runtime: 2.9949
eval_samples_per_second: 348.258
eval_steps_per_second: 0.668
lamb: 0.02
lamb_intra: 0.005
learning_rate: 3.0e-05
margin: 1.0
num_train_epochs: 6
objective: 0.8591476091476091
per_device_train_batch_size: 64
weight_decay: 0
