epoch: 15.0
eval_accuracy: 0.8475551294343241
eval_combined_score: 0.8721876880137227
eval_f1: 0.8968202465931212
eval_loss: 19.707408905029297
eval_runtime: 4.8695
eval_samples_per_second: 214.188
eval_steps_per_second: 0.411
lamb: 0.2
lamb_intra: 0.008
learning_rate: 9.0e-06
margin: 2.5
num_train_epochs: 15
objective: 0.853950103950104
per_device_train_batch_size: 16
weight_decay: 0.01
