epoch: 8.0
eval_accuracy: 0.8389261744966443
eval_combined_score: 0.8647755872483222
eval_f1: 0.890625
eval_loss: 1.2415540218353271
eval_runtime: 0.8964
eval_samples_per_second: 1163.515
eval_steps_per_second: 2.231
lamb: 0.2
lamb_intra: 0.008
learning_rate: 7.0e-06
margin: 0.05
num_train_epochs: 8
objective: 0.8544698544698545
per_device_train_batch_size: 4
weight_decay: 0.1
